0
0
0
2
0
-3
2
0
1
-3
-8
0
2
-12
-11
-11
-8
-1
-8
0
2
-1
2
-1
-9
2
-6
2
-6
-3
-12
-28
-3
1
-26
0
-27
-29
-13
-27
-20
-6
-18
-1
-36
-29
-42
-46
-5
-13
-28
-33
-42
-52
-18
-34
-29
-53
-36
-50
-31
-43
-10
-7
-48
2
-34
-36
-30
-48
-60
-6
-13
-11
-39
-16
-10
-68
-48
-20
-21
-30
-41
2
-66
-26
-72
-15
-46
-4
-13
-49
-15
-23
-68
-34
-64
-71
-78
-76
-2
-74
-45
-50
-101
-4
-13
0
-94
-102
-50
-13
-108
-66
-39
-56
-7
-54
-90
-11
-92
-53
-67
-6
-56
-3
-4
-105
-32
-2
-60
-9
-128
-55
-25
-109
-24
-83
-26
-121
-53
-139
-124
-137
-94
-130
-28
-135
-74
-18
-27
-33
-94
-99
-111
-86
-40
-98
-29
-130
-3
-128
-49
-135
-40
-4
-68
-70
-97
-77
-164
-73
-161
-106
-136
-110
-130
-78
-103
-16
-36
-165
-144
-15
-75
-21
-116
-105
-157
-36
-79
-3
-122
-122
-138
-24
-56
-90
-10
-53
-2
-86
-2
-29
-108
-15
-47
2
-181
-170
-68
-58
-66
-194
-128
-84
-211
-174
-93
-47
-13
-60
-18
-120
-106
-39
-127
-42
-19
-201
-184
-228
-193
-201
-112
-128
-124
-215
-115
-187
-163
-179
-107
-146
-188
-239
-47
-68
-128
-140
-124
-11
-5
-124
-222
-21
-99
-164
-239
-94
-167
-239
-39
-191
-23
-141
-184
-223
-256
-45
-31
-156
-100
-232
-100
-70
-5
-12
-216
-2
-69
-4
-207
-221
-38
-239
-202
-13
-1
-281
-238
-220
-243
-188
-105
-30
-123
-206
-8
-92
-121
-42
-228
-64
-210
-217
-78
-264
-24
-67
-187
-159
-64
-32
-234
-219
-177
-305
-17
-217
-67
-102
-270
-223
-132
-314
-108
-220
-240
-200
-116
-22
-273
-197
-239
-64
-247
2
-237
-135
-93
-282
-145
-73
-296
-1
-129
-12
-85
-331
-329
-13
-68
-52
-312
-219
-182
-322
-116
-192
-203
-85
-167
-173
-245
-149
-98
-202
-62
-352
-152
-171
-142
-97
-78
-309
-350
-346
-15
-368
-69
-48
-73
-77
-261
-208
-253
-357
-96
-96
-280
-235
-127
-173
-79
-378
-56
-393
-351
-287
-120
-362
-164
-8
-234
-369
-347
-152
-4
-39
-186
-220
-136
-166
-247
-61
-303
-84
-160
-64
-359
-57
-187
-379
-28
-121
-276
-230
-294
-359
-420
-373
-220
-71
-42
-207
-281
-293
-107
-91
-173
-358
-51
-97
-317
-240
-85
-411
-310
-319
-94
-90
-395
-439
-275
-221
-120
-424
-392
-356
-250
-460
-350
-98
-265
-446
-423
-141
-14
-321
-125
-118
-294
-237
-114
-242
-106
-20
-208
-225
-367
-187
-406
-401
-456
-111
-348
-268
-34
-262
-358
-170
-346
-336
-268
-423
-168
-335
-391
-456
-106
-322
-84
-89
-171
-442
-217
-2
-309
-507
-306
-415
-345
-234
-453
-94
-307
-378
-48
-516
-307
-443
-249
-23
-404
-373
-59
-264
-164
-105
-137
-77
-442
-143
-464
-493
-465
-131
-400
-325
-56
-212
-522
-436
-535
-444
-217
-389
-360
-372
-514
-114
-340
-411
-70
-285
-158
-92
-345
-442
-305
-353
-229
-548
-100
-239
-355
-15
-564
-435
-342
-97
-181
-324
-151
-137
-297
-35
-124
-551
-383
-98
-280
-259
-236
-243
-395
-158
-576
-512
-276
-284
-274
-548
-173
-480
-288
-197
-399
-244
-337
-545
0
-192
-432
-14
-588
-394
-248
-138
-230
-491
-525
-353
-571
-155
-564
-387
-171
-346
-273
-23
-498
-131
-14
-27
-238
-24
-303
-299
-92
-556
-174
-526
-387
-431
-230
-239
-483
-191
-173
-416
-241
-438
-173
-184
-254
-364
-29
-338
-57
-298
-490
-524
-610
-121
-500
-21
-275
-149
-547
-400
-50
-79
-168
-33
-110
-154
-205
-483
-564
-657
-662
-405
-376
-55
-202
-244
-407
-578
-273
-353
-89
-550
-356
-610
-253
-247
-133
-358
-190
-288
-546
-269
-419
-316
-573
-649
-515
-137
-115
-60
-376
-672
-421
-70
-188
-66
-287
-398
-488
-655
2
-559
-569
-282
-626
-97
-595
-438
-82
-140
-175
-132
-550
-145
-164
-724
-53
-352
-225
-685
-272
-254
-441
-527
-648
-305
-145
-221
-242
-201
-499
-586
-387
-570
-307
-2
-650
-176
-587
-275
-182
-555
-235
-609
-68
-418
-305
-479
-503
-25
-174
-324
-490
-131
-674
-699
-731
-586
-348
-472
-290
-623
-60
-131
-421
-243
-324
-518
-660
-188
-36
-202
-586
-531
-711
-93
-568
-508
-35
-318
-264
-138
-773
-600
-65
-387
-556
-9
-457
-580
-663
-422
-230
-477
-164
-63
-205
-708
-493
-616
-174
-281
-726
-162
-115
-582
-464
-447
-80
-468
-368
-576
-596
-459
-624
-145
-437
-768
-454
-207
-441
-710
-669
-235
-97
-642
-456
-18
-155
-206
-838
-344
-143
-354
-133
-411
-52
-836
-130
-658
-812
-561
-71
-705
-752
0
-421
-168
-443
-715
-478
-198
-569
-836
-660
-396
-623
-543
-756
-268
-367
-372
-634
-561
-735
-704
-827
-310
-351
-692
-831
-540
-290
-378
-742
-372
-37
-395
-518
-185
-424
-195
-184
-728
-874
-595
-816
-414
-224
-436
-406
-867
-739
-13
-560
-779
-330
-788
-237
-488
-274
-208
-203
-485
-433
-657
-90
-221
-169
-178
-45
-152
-554
-286
-811
-656
-400
-482
-375
-431
-254
-391
-888
-676
-663
-672
-732
-90
-410
-784
-275
-266
-537
-347
-833
-320
-939
-387
-296
-755
-721
-18
-491
-770
-839
-16
-576
-296
-773
-468
-222
-222
-851
-377
-430
-681
-598
-369
-777
-571
-712
-350
-584
-364
-877
-244
-384
-538
-815
-324
-367
-304
-216
-553
-492
-898
-828
-980
-667
-252
-186
-5
-253
-384
-404
-255
-121
-82
-458
-159
-55
-92
-805
-383
-918
-606
-509
-444
-851
-925
-596
-774
-476
-611
-823
-576
-596
-108
-464
-652
-480
-218
-634
-302
-10
-596
-170
-176
-107
-467
-754
-207
-614
-567
-925
-743
-955
-256
-651
-498
-365
-638
-614
-99
-836
-269
-34
-468
-955
-767
-798
-730
-85
-437
